i. A one or two sentence answer each to the questions: What was the most difficult
part of this assignment? What was the easiest part?

-> The most difficult part still remains figuring out the regex. I referenced to 
the website: www.regex101.com for better understanding of building regex.

-> The easiest part was the algorithm since the concept of building the output files
was pretty clear as explained in the lecture.

ii. Details about the format of the 3 index files (described in Part 2 below) you created.

-> All the files are in .csv format

-> TermIDFile.csv has term mapped to a term id followed by frequency document frequency meaning how many documents contain that term. All these 3 things stored are comma separated.

-> DocumentIDFile has document id followed by document name followed by total number of tokens. All these 3 things stored are also comma separated.

-> InvertedIndex.csv has a term id followed list of list of posting that contains a document id and the corresponding term frequency (these are space separated).

For UseIndex -> I used the following queries:
1. input term: "National", output term id: 495

2. input term id: 2, output inverted list: 5,[[1 31] [2 7] [3 7] [4 9] [5 7] [6 8] [7 8] [8 7] [9 7] [10 7] [11 8] [12 7] [13 7] [14 8] [15 7] [16 7] [17 8] [18 7] [19 9] [20 7] [21 7] [22 7] [23 7] [24 9] [25 7] [26 7] [27 7] [28 7] [29 7] [30 10] [31 7] [32 7] [33 7] [34 7] [35 20] [36 7] [37 7] [38 7] [39 8] [40 7] [41 8] [42 7] [43 7] [44 12] [45 8] [46 9] [47 8] [48 9] [49 10] [50 12] [51 7] [52 7] [53 7] [54 9] [55 7] [56 7] [57 13] [58 17] [59 15] [60 7] [61 7] [62 7] [63 14] [64 8] [65 8] [66 8] [67 7] [68 9] [69 7] [70 7] [71 11] [72 10] [73 7] [74 7] [75 7] [76 7] [77 7] [78 21] [79 7] [80 8] [81 9] [82 7] [83 15] [84 12] [85 11] [86 8] [87 7] [88 10] [89 9] [90 10] [91 13] [92 13] [93 7] [94 7] [95 14] [96 8] [97 11] [98 7] [99 9] [100 7] [101 7] [102 7] [103 13] [104 7] [105 7] [106 8] [107 7] [108 9] [109 10] [110 7] [111 7] [112 7] [113 8] [114 7] [115 8] [116 8] [117 7] [118 10] [119 8] [120 19] [121 9] [122 7] [123 15] [124 8] [125 7] [126 7] [127 9] [128 16] [129 9] [130 7] [131 7] [132 7] [133 7] [134 7] [135 7] [136 7] [137 7] [138 11] [139 7] [140 9] [141 16] [142 7] [143 7] [144 8] [145 7] [146 7] [147 10] [148 14] [149 7] [150 8] [151 7] [152 8] [153 7] [154 10] [155 12] [156 7] [157 20] [158 7] [159 7] [160 7] [161 7] [162 7] [163 7] [164 7] [165 8] [166 12] [167 12] [168 9] [169 7] [170 8] [171 7] [172 7] [173 9] [174 7] [175 8] [176 8] [177 7] [178 7] [179 7] [180 7] [181 8] [182 12] [183 7] [184 9] [185 7] [186 9] [187 7] [188 15] [189 7] [190 9] [191 11] [192 13] [193 11] [194 7] [195 7] [196 8] [197 8] [198 7] [199 19] [200 7] [201 13] [202 7] [203 7] [204 12] [205 9] [206 7] [207 7] [208 10] [209 8] [210 9] [211 7] [212 7] [213 7] [214 7] [215 10] [216 8] [217 7] [218 9] [219 7] [220 12] [221 7] [222 7] [223 8] [224 9] [225 10] [226 7] [227 7] [228 7] [229 7] [230 7] [231 21] [232 7] [233 7] [234 8] [235 7] [236 7] [237 18] [238 7] [239 8] [240 15] [241 7] [242 7] [243 9] [244 8] [245 15] [246 8] [247 14] [248 7] [249 7] [250 7] [251 7] [252 8] [253 7] [254 7] [255 7] [256 115] [257 15] [258 9] [259 10] [260 7] [261 7] [262 7] [263 7] [264 7] [265 8] [266 7] [267 8] [268 12] [269 7] [270 8] [271 7] [272 15] [273 7] [274 7] [275 7] [276 7] [277 8] [278 8] [279 13] [280 7] [281 11] [282 7] [283 7] [284 11] [285 8] [286 7] [287 7] [288 13] [289 9] [290 7] [291 7] [292 11] [293 7] [294 7] [295 7] [296 7] [297 7] [298 10] [299 7] [300 10] [301 7] [302 10] [303 7] [304 7] [305 7] [306 17] [307 7] [308 7] [309 10] [310 7] [311 7] [312 7] [313 7] [314 7] [315 7] [316 7] [317 10] [318 7] [319 8] [320 7] [321 12] [322 8] [323 7] [324 8] [325 7] [326 7] [327 21] [328 10] [329 11] [330 13] [331 7] [332 12] [333 14] [334 7] [335 7] [336 8] [337 7] [338 7] [339 7] [340 7] [341 7] [342 8] [343 8] [344 8] [345 16] [346 7] [347 8] [348 8] [349 13] [350 11] [351 7] [352 7] [353 7] [354 7] [355 7] [356 7] [357 8] [358 7] [359 14] [360 7] [361 8] [362 8] [363 7] [364 7] [365 7] [366 10] [367 7] [368 7] [369 7] [370 7] [371 7] [372 7] [373 7] [374 14] [375 9] [376 7] [377 7] [378 7] [379 9] [380 7] [381 7] [382 7] [383 8] [384 9] [385 8] [386 7] [387 7] [388 7] [389 9] [390 7] [391 11] [392 8] [393 10] [394 7] [395 7] [396 15] [397 9] [398 7] [399 7] [400 7] [401 17] [402 9] [403 9] [404 7] [405 15] [406 7] [407 7] [408 7] [409 7] [410 7] [411 8] [412 7] [413 8] [414 9] [415 7] [416 7] [417 7] [418 20] [419 7] [420 7] [421 7] [422 7] [423 7] [424 12] [425 8] [426 16] [427 7] [428 22] [429 7] [430 7] [431 9] [432 7] [433 8] [434 8] [435 9] [436 9] [437 13] [438 7] [439 15] [440 7] [441 7] [442 11] [443 7] [444 7] [445 18] [446 10] [447 7] [448 7] [449 9] [450 8] [451 7] [452 14] [453 7] [454 7] [455 8] [456 7] [457 7] [458 7] [459 7] [460 7] [461 8] [462 7] [463 7] [464 10] [465 12] [466 7] [467 7] [468 7] [469 8] [470 14] [471 7] [472 8] [473 9] [474 8] [475 7] [476 7] [477 10] [478 17] [479 7] [480 41] [481 7] [482 7] [483 8] [484 7] [485 7] [486 11] [487 9] [488 9] [489 10] [490 7] [491 7] [492 7] [493 11] [494 7] [495 7] [496 21] [497 8] [498 7] [499 7] [500 7] [501 7] [502 13] [503 19] [504 7] [505 9] [506 8] [507 7] [508 7] [509 7] [510 9] [511 20] [512 8] [513 7] [514 7] [515 18] [516 7] [517 7] [518 8] [519 7] [520 7] [521 8] [522 8] [523 7] [524 7] [525 7] [526 7] [527 14] [528 10] [529 7] [530 10] [531 9] [532 9] [533 8] [534 11] [535 9] [536 7] [537 8] [538 7] [539 7] [540 8] [541 7] [542 12] [543 7] [544 7] [545 7] [546 8] [547 7] [548 10] [549 7] [550 7] [551 7] [552 7] [553 7] [554 8] [555 23] [556 10] [557 18] [558 7] [559 7] [560 8] [561 9] [562 7] [563 9] [564 8] [565 7] [566 7] [567 9] [568 7] [569 7] [570 7] [571 9] [572 7] [573 11] [574 7] [575 14] [576 7] [577 11] [578 9] [579 22] [580 7] [581 7] [582 7] [583 7] [584 9] [585 7] [586 9] [587 8] [588 7] [589 10] [590 8] [591 8] [592 8] [593 20] [594 7] [595 7] [596 7] [597 7] [598 9] [599 8] [600 18] [601 7] [602 10] [603 9] [604 7] [605 7] [606 7] [607 14] [608 7] [609 7] [610 7] [611 11] [612 7] [613 8] [614 8] [615 7] [616 7] [617 17] [618 15] [619 13] [620 9] [621 7] [622 9] [623 9] [624 7] [625 14] [626 10] [627 7] [628 7] [629 10] [630 8] [631 7] [632 9] [633 7] [634 10] [635 7] [636 8] [637 7] [638 10] [639 8] [640 7] [641 7] [642 7] [643 11] [644 8] [645 8] [646 7] [647 7] [648 7] [649 7] [650 7] [651 18] [652 7] [653 7] [654 8] [655 8] [656 7] [657 7] [658 7] [659 10] [660 10] [661 10] [662 9] [663 11] [664 7] [665 7] [666 8] [667 7] [668 15] [669 7] [670 7] [671 7] [672 7] [673 8] [674 11] [675 8] [676 7] [677 7] [678 10] [679 11] [680 25] [681 7] [682 8] [683 7] [684 9] [685 14] [686 8] [687 16] [688 13] [689 7] [690 7] [691 7] [692 7] [693 7] [694 14] [695 7] [696 9] [697 7] [698 7] [699 7] [700 10] [701 13] [702 13] [703 7] [704 8] [705 735] [706 7] [707 7] [708 7] [709 9] [710 7] [711 8] [712 7] [713 7] [714 8] [715 9] [716 7] [717 7] [718 7] [719 17] [720 8] [721 7] [722 7] [723 8] [724 7] [725 8] [726 8] [727 7] [728 7] [729 10] [730 10] [731 7] [732 7] [733 9] [734 7] [735 7] [736 7] [737 7] [738 8] [739 7] [740 8] [741 7] [742 7] [743 7] [744 9] [745 9] [746 7] [747 7] [748 7] [749 7] [750 7] [751 13] [752 7] [753 7] [754 9] [755 12] [756 7] [757 7] [758 7] [759 16] [760 7] [761 7] [762 7] [763 17] [764 7] [765 7] [766 8] [767 7] [768 8] [769 7] [770 9] [771 16] [772 7] [773 12] [774 7] [775 7] [776 7] [777 7] [778 7] [779 8] [780 7] [781 7] [782 7] [783 9] [784 10] [785 24] [786 7] [787 7] [788 7] [789 11] [790 7] [791 7] [792 7] [793 12] [794 7] [795 7] [796 8] [797 9] [798 14] [799 8] [800 7] [801 8] [802 7] [803 13] [804 7] [805 7] [806 7] [807 7] [808 8] [809 7] [810 8] [811 7] [812 8] [813 8] [814 7] [815 9] [816 7] [817 11] [818 9] [819 7] [820 13] [821 13] [822 9] [823 10] [824 7] [825 7] [826 7] [827 7] [828 7] [829 8] [830 10] [831 7] [832 9] [833 17] [834 7] [835 7] [836 8] [837 8] [838 7] [839 11] [840 9] [841 8] [842 8] [843 8] [844 7] [845 12] [846 7] [847 8] [848 8] [849 7] [850 7] [851 7] [852 8] [853 7] [854 7] [855 7] [856 7] [857 22] [858 7] [859 14] [860 7] [861 7] [862 7] [863 22] [864 15] [865 7] [866 7] [867 8] [868 7] [869 7] [870 10] [871 7] [872 7] [873 9] [874 7] [875 8] [876 7] [877 7] [878 8] [879 18] [880 8] [881 12] [882 9] [883 8] [884 11] [885 7] [886 8] [887 8] [888 18] [889 9] [890 7] [891 8] [892 7] [893 9] [894 7] [895 7] [896 7] [897 7] [898 7] [899 7] [900 8]]

3. input term: "park", output document ids: ['12', '56', '59', '64', '80', '88', '96', '110', '118', '123', '126', '128', '153', '160', '167', '168', '170', '196', '199', '201', '211', '250', '258', '266', '268', '270', '274', '279', '282', '288', '300', '304', '305', '314', '319', '322', '331', '332', '333', '334', '351', '357', '359', '371', '394', '401', '421', '428', '434', '440', '445', '472', '493', '494', '495', '503', '505', '515', '533', '541', '552', '553', '557', '581', '593', '601', '608', '620', '636', '647', '655', '661', '669', '687', '690', '700', '707', '714', '729', '731', '751', '766', '767', '776', '783', '800', '801', '804', '811', '818', '839', '840', '856', '861', '864', '875', '877', '878', '882']

4. input document id: 56, output document name: '56'